2.98806 0.578747
-4.09898 5.946
10.1046 7.65277
0.074327 1.57939
11.2641 7.05929
11.8477 12.7001
9.64058 6.82408
10.3716 7.41012
19.1801 13.5538
6.13388 6.5982
-3.71036 10.5531
16.0209 8.31821
-0.223897 2.00497
4.32362 3.86913
13.1462 13.8421
16.1164 11.598
12.0725 5.93334
12.6754 8.31829
6.0864 4.83458
-5.3534 3.52821
6.01249 5.98618
4.09045 -0.145445
26.7747 10.6797
1.46417 1.16903
100.771 9.50486
6.667 1.38446
4.79719 8.83612
-64.2881 3.86803
-2.5881 6.48991
7.12462 10.7675
13.4713 11.5281
2.06878 1.73884
1.82056 11.7643
9.72065 7.04153
-7.24815 0.834512
-4.4883 0.384092
-0.547068 1.67262
2.44018 6.10473
-1.73685 2.45012
4.47148 4.1524
12.5236 12.4405
15.9557 12.3109
3.04018 13.878
11.7879 10.4756
-0.0779205 0.635022
-51.2698 10.8938
6.94515 6.39374
5.20193 4.83113
13.8839 13.7639
-3.81397 0.244008
8.52637 6.79673
-8.23263 1.59369
12.3088 13.2011
5.54531 3.55836
1.17118 2.7607
2.36937 1.43789
10.1076 8.86271
-5.71327 3.50747
-0.932791 8.31141
4.86359 9.0373
-2.31052 -0.65767
13.5318 11.5688
5.89515 2.03125
11.7138 1.25066
-5.02618 1.86625
-2.95523 0.213347
1.38848 -0.0160939
-3.72677 -0.627009
-5.53881 10.5726
9.46055 6.84365
6.23369 12.0437
4.81179 5.10922
2.77645 2.05203
-0.108325 9.5976
3.70884 7.63879
3.06337 2.76906
146.326 5.75032
25.0153 14.2649
-103.787 9.58476
12.5238 4.37939
9.42144 9.00923
10.4725 10.3969
5.13752 3.87898
10.4672 12.1868
5.64771 6.73954
9.78492 10.3024
9.75099 7.26757
3.89191 7.15795
-0.814755 -0.455626
9.83721 5.17881
9.78206 4.03646
-1.98712 11.012
3.82632 -0.139793
2.41734 4.63646
4.45547 3.67845
-12.7614 6.38171
-1.11927 0.320272
7.68952 8.71945
9.14013 8.93558
10.7426 10.6817
3.72717 5.16714
2.63704 3.79669
-32.8343 3.40248
6.73733 4.72634
5.86295 6.46475
9.69757 8.91485
13.792 8.36658
9.36758 6.03868
3.59447 0.140358
-20.3414 2.01191
2.51711 0.0583893
9.50788 -0.416389
9.52383 10.5941
2.01181 10.8935
16.8239 6.73173
-5.44314 -0.683638
2.7422 2.9357
10.6641 10.7043
1.96288 2.18579
8.83197 11.7148
10.7776 11.7718
7.69959 8.56404
2.66899 0.84441
5.47356 5.05611
1.855 9.6022
10.5871 8.82347
-0.194483 -0.215658
-3.39019 -0.211994
0.670715 5.11825
1.0347 1.297
7.32917 4.62446
2.80163 1.91295
7.1969 6.82721
8.35423 8.05341
6.11389 4.63095
-2.66421 -0.128913
6.87742 4.69996
13.4143 12.0578
-0.627806 3.74225
1.66373 2.39163
26.4182 7.83877
8.07361 5.43617
4.69267 6.78766
-5.98071 6.52588
9.02303 0.726067
2.14174 4.40479
2.01694 -0.348263
8.24683 1.81189
10.3876 6.07562
-0.51858 10.9201
4.01246 5.28434
8.15357 12.6552
-24.5672 7.62372
7.24009 12.2828
7.04326 7.55843
7.84314 12.0076
7.7974 -0.741422
9.63446 6.63599
-2.19631 2.80972
2.20333 7.70527
11.8221 9.52439
8.39116 6.42249
-20.9347 10.1168
8.63077 3.99053
4.79703 1.07765
-25.9268 3.45303
8.29462 9.07962
5.51151 4.55025
-1.09103 4.6404
2.544 0.487337
5.45196 5.90081
6.46413 5.78076
11.0439 12.6191
-3.90947 3.36565
13.2231 14.0369
11.5809 12.955
7.48401 3.33486
14.4683 13.6352
3.51141 5.31872
6.95257 -0.231939
3.93375 2.50873
6.68493 7.56925
7.97111 7.20895
3.16601 -0.313415
14.5613 3.14107
16.6492 8.79701
8.53051 9.59021
-14.36 5.48714
12.3729 14.2064
6.47082 6.21653
1.10448 3.0655
12.0779 7.2735
3.90908 3.52673
22.3658 12.2512
11.5035 13.4508
10.1987 13.3521
4.55465 5.10879
-1.32505 5.94304
8.20432 5.01354
-183.658 0.0135661
11.6262 12.3715
3.41167 5.44614
-1.0927 -0.137785
16.3188 11.9372
-13.0074 0.41699
0.516964 3.30766
5.3102 8.53299
6.24864 10.4215
-28.8651 10.3572
-10.9646 2.36158
2.85607 3.19469
15.2648 12.891
-9.75888 2.45964
9.51958 10.8457
14.0068 12.8671
4.10578 10.8992
8.39803 7.93103
4.91145 2.4897
7.1527 7.54817
1.77214 7.09592
5.75546 4.47553
2.70076 6.71697
8.16399 8.58984
0.243524 -0.103824
13.4735 2.24806
-6.26493 -0.392069
3.3248 2.53418
12.6338 12.1627
3.83051 6.13009
1.77445 6.91057
14.884 6.46051
4.5265 4.31822
-1.25902 5.23509
2.14581 1.60877
20.9832 3.76688
2.69899 1.58974
-9.11911 9.85474
15.3374 6.22366
10.8945 11.0718
7.37532 2.35753
3.36733 1.57521
3.81901 6.83744
2.6098 0.374268
1.98087 0.222686
7.24864 7.2697
8.38387 9.8202
8.70563 13.9472
13.5486 12.2284
1.46969 1.86128
9.47096 1.69864
12.2396 14.1223
-1.1982 0.191084
9.39249 6.16999
-11.4116 8.69142
4.61863 7.92547
5.66639 9.00745
12.9666 12.9388
-7.81647 -0.654578
11.9268 8.94555
-1.16196 0.0448576
54.5757 8.98535
60.2998 4.97608
3.71287 5.3639
17.9015 13.4609
4.98799 2.11788
-5.04459 12.7023
4.73727 9.21444
0.0496403 -0.724282
-2.55578 0.811348
-1.87013 -0.70651
7.15108 1.88311
2.21091 3.38831
-0.951191 8.73636
1.91456 4.28361
1.42726 2.43982
6.13058 3.31276
7.25794 4.48538
12.5779 12.9373
-2.68898 2.07214
9.4503 11.476
15.6027 10.6756
-35.1173 1.53243
83.1969 1.91234
-0.346442 -0.566845
18.1349 13.1762
12.1841 9.06857
2.88929 6.33054
7.09127 4.34627
5.85173 1.13922
69.0928 10.4483
-1.62893 3.49336
3.44583 0.285863
20.2406 7.63929
5.07282 3.43942
12.4158 4.03797
7.64017 4.76873
5.73456 3.53265
0.259563 -0.569013
1.23136 -0.673306
16.274 12.0515
-3.08222 0.906661
2.42206 -0.449133
5.13202 5.97461
7.65925 9.60056
0.0716505 10.3563
9.60149 2.41444
13.3646 13.8823
4.62268 4.58969
-0.388209 7.78398
1.9196 3.41524
-8.35856 2.33305
13.6757 9.94887
6.89513 6.2845
8.32754 2.92462
0.807028 2.00014
12.8947 13.4523
14.2448 10.3527
6.77218 10.1826
-1.03137 3.99803
9.50796 9.20987
9.25504 9.71547
9.51146 6.89006
7.78585 9.4948
1.44554 2.07789
0.041672 2.74905
8.12232 7.8386
-14.4578 -0.27453
-5.02481 0.811793
6.69138 2.79385
-0.0606052 3.65608
10.4723 9.78861
3.2841 -0.609561
13.1898 12.7089
12.2185 10.9968
25.4634 10.3524
7.95889 2.93242
6.93761 7.06454
15.0553 12.2779
15.2681 9.30574
8.97891 8.47263
4.70659 2.45989
-4.77277 4.47952
9.0567 6.01559
4.90246 3.51993
3.98502 5.80077
4.89399 4.94016
9.72736 8.92064
1.12672 2.05381
2.24006 1.90977
3.55912 3.43503
8.33028 6.69504
0.448042 0.394117
4.7234 2.48393
12.6425 11.61
4.41692 4.40135
3.34066 4.14097
-7.30604 9.45854
9.61524 8.28056
2.08388 11.5715
64.2092 9.75667
10.6593 0.180166
2.64891 3.72369
14.951 2.19391
1.52977 2.37517
5.52114 12.7414
26.4077 12.0434
-8.26918 11.2095
13.7072 13.6987
4.25052 5.40067
-0.0112354 11.1672
-8.16639 -0.304198
12.6162 13.3627
13.059 12.0384
10.2992 7.63975
9.29581 -0.754121
29.4492 10.684
6.64985 13.6079
17.698 3.97911
6.48809 5.08
8.85267 11.4387
3.76366 3.18611
23.9653 10.2327
2.48896 1.40794
4.41767 5.94226
4.53889 -0.0070682
0.593668 -0.568142
12.604 0.411534
7.38128 9.28191
-0.103174 1.84789
14.3939 13.0045
12.924 10.186
7.9853 9.74849
0.384186 3.49262
24.4546 10.5583
3.12332 8.12949
-1.1864 4.73342
6.20199 4.4116
6.46576 4.02965
10.2019 6.18578
-1.42891 6.66991
12.6856 13.9854
8.76558 11.2995
17.0838 11.2332
1.50713 4.01409
-2.49004 1.7475
14.1682 11.3518
25.7191 11.3005
0.584295 8.62966
9.36485 8.94428
4.12995 1.7283
11.0206 8.61927
11.7953 6.86268
-6.06748 7.04973
6.40616 4.06756
6.516 6.4095
5.43865 0.148074
15.2581 2.44388
87.0456 6.88298
5.42924 12.1197
23.3205 8.1068
-10.0664 6.12848
13.2754 8.96262
0.531909 3.81129
12.7211 10.0529
12.4047 10.9658
2.01656 1.45052
8.81857 10.5505
14.0784 7.83118
9.94813 11.5829
1.65497 2.24268
2.09983 5.28441
14.393 13.4302
9.52454 8.14589
8.35839 8.04836
-3.53472 3.70849
7.14392 6.15167
8.32603 12.3374
1.22261 -0.299303
21.2066 12.351
-10.2425 0.656996
8.74728 5.07902
3.97467 2.92035
4.1404 3.94814
14.3072 11.1471
-0.579923 -0.108122
15.1935 10.0045
36.8546 5.36918
-11.0408 0.334398
2.76817 2.38104
-5.07902 5.9228
13.0397 1.87356
9.22414 6.00525
-5.50691 0.0797654
3.13219 1.78526
3.50266 3.50079
-49.6454 0.893003
1.10028 1.83046
1.8277 3.41557
8.26179 1.54011
15.6318 11.977
6.93914 0.544942
26.6067 11.9606
9.2781 8.20367
7.65666 5.10572
5.93672 4.76256
15.4394 13.9031
2.97002 3.64936
-0.783493 2.39401
6.68831 -0.0532992
1.9655 0.678782
4.58845 2.74309
5.50708 -0.347363
-0.570735 0.70287
22.84 14.264
-3.81589 4.23866
44.033 11.6142
2.12223 2.63506
11.532 12.6819
10.6713 13.9083
12.1113 13.4202
9.14585 11.69
12.7844 12.8694
10.3166 10.1416
0.53947 -0.0236931
6.7076 1.36593
-43.8946 5.38029
4.32567 3.67484
9.20472 10.2926
14.1171 11.7152
13.1923 12.9461
5.98226 7.1045
-0.000183522 -0.00183117
13.362 1.00242
9.40195 13.8328
8.23078 4.03653
2.40566 3.87986
11.5605 9.84521
-0.198486 5.12001
3.77998 3.95879
3.46179 1.53387
11.1394 9.85235
-5.67897 0.331914
7.32498 2.62249
8.56004 10.6597
4.93189 1.31402
1.7496 1.94931
4.25358 4.39885
7.62212 3.57773
9.7881 11.9016
9.06068 8.65497
2.83837 12.8032
7.4838 8.40806
0.823284 8.13939
3.8163 3.64771
18.7113 6.22303
3.09992 3.30881
0.536088 3.95624
2.45728 5.52446
10.8553 4.32891
1.46838 1.53521
-39.8468 11.9012
2.8164 2.10295
2.24123 7.18601
-12.0235 2.54034
9.25242 11.5112
4.40178 2.11139
8.7376 9.32207
4.86732 6.22084
11.6845 11.2167
14.0994 13.476
13.8892 8.31081
13.3039 12.298
-17.0527 14.0904
4.3186 8.353
1.22901 0.814978
3.96142 3.76708
2.94906 0.331512
6.82376 4.02395
8.31313 0.0578528
-3.01984 11.5568
11.2174 11.9845
-9.45075 0.209946
11.2432 3.55322
3.87892 4.15293
4.43177 7.7544
19.9436 10.7735
-12.3873 4.24925
0.283328 0.866802
5.81285 3.38658
8.93467 13.6708
7.72549 12.6086
11.518 4.64534
5.44652 5.78276
15.1492 3.06664
-2.19031 0.471708
9.09732 5.44898
4.79726 6.59781
13.0665 13.0236
15.0674 5.51227
12.913 2.87205
-0.195691 8.26005
6.76948 7.11313
1.4949 3.54518
3.44515 6.08028
3.86094 2.22567
33.5292 14.0188
5.66643 2.21468
14.7165 9.1606
3.38084 4.00601
10.2365 3.49402
6.52585 5.42184
9.90911 9.36116
7.0783 8.22731
3.04915 3.19788
45.5996 14.2165
1.20541 0.32069
1.63035 2.96527
9.08407 5.75771
0.00156647 -0.551406
4.92292 7.01027
9.13854 6.50613
16.2084 10.2411
6.4642 0.480115
-1.28529 1.92577
25.4217 9.72643
13.0341 10.0444
12.6201 13.1941
-1.12481 -0.647556
8.29212 12.9128
13.4735 1.3805
2.11818 3.1434
4.00002 12.1842
7.11494 4.04664
2.8568 0.720554
-2.5142 -0.128449
2.89619 5.49676
-5.51635 2.24398
-6.18917 2.00402
11.1775 12.3283
7.13517 6.24521
23.7083 6.19088
-1.55369 0.734228
11.7418 13.9506
2.97456 3.88804
16.5898 14.1768
4.28402 4.42356
10.6561 4.20862
1.33209 5.49747
0.429957 1.8594
0.287907 5.08111
5.03155 4.47842
-4.02163 10.8749
0.624125 8.88811
-0.153067 0.721657
0.101932 11.7059
6.34829 7.3339
-0.252195 -0.164809
-0.864859 1.27575
-31.0007 0.0413729
5.36062 14.1176
2.53151 1.27772
1.27801 3.61988
5.09547 7.64712
-1.00603 2.55053
6.04772 3.02541
8.93787 9.01578
1.07053 3.30683
4.43522 3.08712
6.14046 1.79389
10.5865 4.55214
4.4135 3.17577
14.6705 9.16447
10.855 12.9203
-0.502919 2.84373
8.04405 3.0623
0.553575 8.55492
3.37421 6.4484
-37.6067 5.71841
4.13399 4.68832
4.0807 3.72867
4.26842 1.66151
2.44071 2.33329
9.13211 9.0271
6.41865 9.13247
15.0345 12.2601
13.3645 11.9526
3.09827 4.76853
3.7319 5.47737
7.94172 1.85077
4.745 5.06454
9.36594 9.72204
16.4614 5.97505
4.10869 3.17131
15.5805 9.27896
17.2352 10.3399
12.9212 7.8907
13.2445 9.90445
-18.6946 6.90984
11.9384 12.0038
5.10416 4.74554
14.7111 11.8157
-0.0752989 -0.622953
9.62496 9.18762
-45.17 7.52995
-19.9947 0.49113
28.0778 3.64489
19.8567 11.8747
5.38512 8.61128
14.5502 8.1713
11.5063 10.3954
8.44136 5.96167
11.4883 9.12727
-13.8057 7.35354
15.2941 10.8229
4.07753 8.79465
10.4269 10.1258
0.527806 3.38308
5.48069 1.50306
-21.8517 3.63056
0.639527 2.57528
-8.80211 5.40952
4.67649 2.96201
-0.202486 5.14094
18.1728 14.1566
2.79593 0.646792
11.2373 4.74329
2.57677 0.666963
7.29871 11.4056
3.29905 5.08966
9.393 9.27768
13.1518 13.5414
5.41853 7.02511
14.2112 14.0166
-10.1496 5.52225
-0.366592 -0.0899702
8.08393 8.9825
2.67602 -0.52673
17.0561 13.8758
3.50789 4.95409
13.3298 9.60567
7.95889 3.58395
29.3266 8.60249
4.36452 3.61611
4.15933 8.68751
13.0709 6.55711
7.62146 8.59195
11.3368 8.35649
11.7788 11.7042
3.54427 0.955425
2.70913 7.69931
4.56468 3.64394
4.97116 4.27039
3.84737 9.04842
-0.218396 2.04205
8.35915 5.18022
5.93993 12.0398
39.3826 13.336
11.8838 13.8341
4.36421 0.468337
-2.6808 11.3642
9.45733 9.32821
-9.42986 -0.0723814
2.5961 3.85575
7.27344 5.04508
10.2661 12.2907
10.2329 8.74777
10.7337 11.2808
-0.735317 10.3317
2.47403 3.22317
12.4104 0.317274
6.95108 7.80711
11.4492 10.5094
8.43759 8.15489
4.73878 3.75761
1.38331 -0.127507
1.90804 0.259528
1.90911 1.55151
8.54353 12.9501
3.28277 13.1024
2.47397 1.73825
4.71778 5.90432
5.17826 5.55362
11.108 12.3477
-1.8551 -0.580801
-0.857558 0.781839
0.9372 2.5646
16.9304 0.461533
9.60313 8.80549
7.87641 -0.409201
16.0586 11.5735
-0.0529872 0.405037
-8.3759 4.77327
-4.99842 8.62091
13.0845 12.3166
2.36915 8.97943
10.5647 7.12495
-1.57444 4.45438
2.54453 6.12851
8.77776 13.3074
2.51476 3.73017
-6.56268 2.6627
14.4015 7.02556
-1.8975 13.8104
-9.69517 5.01572
2.07586 3.82474
3.22105 3.43166
11.3905 13.379
-15.7708 9.59216
13.0844 5.40266
-0.617818 0.0313949
9.99624 4.19824
16.2229 13.7472
6.50439 4.45646
4.25182 7.87041
16.3327 13.2686
5.95114 5.71806
12.523 9.05775
12.6637 11.982
2.7024 1.97255
2.92011 0.889091
9.64792 10.3187
5.51513 9.24994
0.601242 1.06731
-0.733223 1.77094
3.61975 12.1722
28.0056 5.15666
0.683276 3.97171
4.18086 4.29607
8.1346 10.7703
14.7582 13.313
1.22304 8.42524
74.7019 8.61405
-0.530232 5.31289
10.7098 13.2819
-5.68304 3.23796
6.21704 10.923
5.49526 4.74065
8.33492 1.30715
1.10052 4.60761
15.619 4.0686
15.8769 2.53192
5.72811 5.37166
-2.46367 -0.0856313
4.4642 9.83675
21.1019 9.26232
2.19642 1.16751
3.15097 7.78531
2.12937 1.84504
17.0442 13.6246
-32.6292 2.85826
5.90853 -0.234754
0.770436 0.497569
4.74225 8.39063
12.1077 11.1226
12.5541 10.9634
12.546 13.9479
10.0563 11.9436
6.66384 8.40559
1.18346 1.24743
-0.953603 0.157076
4.39374 5.14543
2.43116 3.37721
7.42606 0.806776
2.71385 3.63052
5.63357 5.74077
-2.99806 1.16254
5.83007 5.07211
-1.37289 7.85265
-2.92514 2.93471
-2.10549 4.05735
16.9419 1.19139
-12.476 -0.0167929
-2.65884 13.1963
-0.669179 -0.573552
1.39159 3.25929
7.69413 10.9648
1.84559 6.57355
-9.2903 14.229
-10.3202 4.15138
-1.92704 5.36988
9.24458 4.93263
13.2538 9.29664
7.01242 8.44175
-0.923942 0.858079
-0.840377 4.57839
12.8782 9.30849
8.71718 6.51064
-10.242 3.65454
-1.51455 0.638348
5.13583 3.06439
-11.4057 0.432722
6.5008 1.78689
-15.66 9.63066
5.91921 5.96371
32.0238 8.2549
6.70916 10.4179
11.0783 12.672
22.3012 7.00197
-0.999667 1.714
6.02523 6.58038
4.1897 4.00411
14.6553 10.0249
-2.85831 1.00058
-3.06605 3.63467
4.75502 7.6195
1.95023 2.20528
-2.458 0.336314
9.60128 9.9662
6.56256 8.49926
0.710101 2.43324
9.44465 7.54693
11.0145 12.4274
10.6269 11.6252
3.4176 5.29212
2.53572 3.38897
3.08386 0.216835
4.8065 4.78504
9.78913 9.12814
13.2341 11.5422
20.839 13.3812
5.9184 4.13198
-4.19538 0.134787
12.1813 10.8437
-1.86763 2.30827
11.7564 12.9635
22.753 13.0383
-0.292177 7.90572
10.0482 7.82883
3.44648 7.69718
11.7709 4.57304
2.5085 4.62855
12.4069 14.1386
6.63037 5.35489
27.5866 6.30313
5.57522 6.8039
4.3143 3.46469
73.8145 0.22437
0.838372 2.17868
5.39667 12.6273
-14.8286 2.34068
3.5686 9.0185
9.27015 10.3815
2.94417 1.33451
3.30711 1.94051
14.8388 13.2831
12.7849 11.6563
-1.94425 2.16708
0.206066 3.04865
2.6599 7.84043
7.79104 8.98154
2.70992 5.9068
3.66938 3.54246
1.32095 5.57677
35.2405 7.00752
18.1204 11.9279
0.490344 -0.695441
11.8697 11.3185
5.31346 5.31088
27.3939 6.86647
10.0904 2.70738
3.10671 2.63557
13.7742 13.1946
1.6036 12.8771
2.0901 0.695658
10.6667 4.18825
-2.14242 2.90751
6.2623 2.50882
4.26311 0.517314
-35.144 12.052
-0.461237 3.22919
3.79384 5.63059
8.02708 7.13996
3.83561 0.91977
-12.9805 8.81838
10.6259 9.85118
3.99856 9.86103
-8.27587 -0.643964
1.53416 0.921594
16.1983 13.8175
10.6685 13.8295
4.32784 4.28968
0.86016 1.4758
6.23799 7.03997
6.7678 11.8466
8.9527 8.55413
-0.335315 0.629024
7.78118 9.62706
5.57848 6.37655
1.55434 0.285532
3.85846 6.4873
18.8781 7.22974
10.4213 13.2692
12.9088 8.99812
2.08606 4.30475
1.13926 0.629174
-6.54592 0.171682
6.60072 7.77651
9.96075 13.5596
7.35786 9.04654
4.71891 10.3259
13.586 8.8392
-8.89103 2.7336
12.1258 13.7868
0.685228 12.4107
3.44663 3.86915
20.6371 3.9379
12.1737 13.3309
25.3406 13.8691
5.11804 4.01914
0.819777 1.76589
25.0901 13.6618
12.5681 12.788
6.50002 5.42026
12.5304 7.69714
12.2341 9.39969
22.954 8.37236
75.375 8.87594
7.15393 6.81773
5.6231 12.4881
1.92584 2.79139
4.75577 5.26594
7.36313 7.572
10.475 12.9225
0.410112 1.02991
0.919401 1.04989
-4.42853 4.12353
9.52514 2.56337
-2.35643 1.09969
1.33461 2.59219
-0.517921 1.36785
2.37445 1.49605
1.65317 2.00321
14.6472 8.62179
-0.580712 0.719821
1.46513 -0.223298
3.01647 3.69869
28.1592 11.7368
7.14232 6.43737
15.0352 13.7246
-0.411416 -0.703286
-0.448959 8.79421
8.91897 12.8424
4.94164 11.4964
12.3541 12.7752
5.28603 5.4015
4.62358 2.80323
5.53623 2.79436
-23.9527 1.32389
1.33148 6.44853
5.86951 3.78338
-1.80808 7.84269
-6.66726 2.56906
-0.748564 -0.676409
19.407 4.83283
15.4104 8.85339
3.04913 9.0021
2.6458 3.26737
2.79314 3.80529
4.11537 5.33677
5.56147 9.38922
-3.72143 2.23999
21.7256 8.51979
8.74947 4.22554
-10.2603 4.27826
13.1273 9.08318
12.8165 5.93398
-0.200167 9.03459
10.752 11.0565
-4.97433 1.62552
9.08173 11.7361
-4.02276 6.29138
12.3855 12.4016
1.67217 -0.442383
-5.79592 9.11352
3.03887 1.06108
6.38731 6.53541
13.4739 0.311111
20.3108 13.3172
0.246602 3.96378
14.0168 7.22047
3.5461 8.98686
8.7292 -0.21545
-0.189691 4.64215
12.6985 10.9612
0.426735 4.37458
1.82968 3.09605
-1.48769 -0.50659
1.90782 0.991835
1.64565 2.55792
2.46206 0.429053
12.957 14.1527
-29.0603 11.9819
0.311008 0.744931
4.13447 5.19882
-7.47976 0.959179
-4.27805 1.83132
4.98712 0.515694
1.84891 1.68955
8.16643 1.0771
-2.67694 0.302405
36.5667 4.75273
9.7024 7.43392
8.18471 9.79643
0.363701 0.427817
0.101081 -0.697733
12.256 12.526
6.90758 7.29793
4.72195 3.16279
-4.08193 4.78264
11.2332 11.018
9.48153 9.51088
10.6247 10.6383
10.1273 8.74495
1.35906 5.7141
18.6816 11.1513
7.58836 12.3263
16.1686 13.4144
10.2567 12.7794
18.1653 13.6193
4.53184 2.09668
6.71932 0.31455
4.60637 -0.0634551
7.25714 6.09658
9.86354 12.0331
8.12506 3.72397
3.31951 3.90165
-0.924421 1.28199
13.1782 10.3241
14.5959 9.64229
4.33367 1.60997
2.44629 1.96829
9.3391 13.266
7.20398 11.495
-3.26128 1.04464
22.5752 14.0019
-6.19143 13.597
13.7583 8.53029
9.62843 11.9232
9.72745 8.69414
11.3315 7.79885
6.85867 0.473122
68.7525 7.3127
6.21568 5.69552
11.9534 14.1479
-2.90688 0.400262
5.33954 5.31209
-5.13584 1.00736
21.4981 11.3099
6.00814 6.42761
1.97869 3.78121
5.33743 4.6596
6.77192 4.21056
2.77267 4.76263
2.5356 0.702551
22.3625 0.420523
12.0434 -0.255515
7.40828 8.88636
8.83717 9.04976
4.7268 4.69299
4.26536 6.38578
14.2153 11.2326
3.14529 6.85226
9.44451 8.7943
3.74398 2.68258
9.72672 12.7152
5.04098 4.38512
15.4193 13.125
9.21944 11.1254
0.397767 4.22759
12.4734 12.7706
1.86832 4.71508
27.8557 12.456
4.18117 -0.642521
15.2845 4.42209
-7.05647 -0.462679
15.4556 11.394
-6.55128 3.28094
12.7686 11.6492
1.58309 0.0452501
6.54418 10.2555
3.75692 1.78046
9.39163 4.79725
4.37709 6.86417
18.1542 9.11902
7.00617 7.54046
6.00766 4.56748
-0.498067 1.02516
6.14012 1.70714
9.57543 2.47347
9.86278 12.7096
4.9726 2.89855
2.59095 2.75165
14.0206 13.3678
17.6142 8.15328
5.05347 6.7266
6.18227 6.94939
8.34897 11.0411
2.98937 5.03166
0.133812 1.26671
5.90124 6.13173
4.42055 4.41898
-16.1152 2.36698
4.44079 2.79121
4.60274 6.18981
5.27557 2.59791
0.972551 1.38893
1.84091 1.46127
-3.99747 -0.276554
21.1651 12.0879
4.30413 4.47932
11.993 7.89688
3.97942 5.63139
0.0601312 4.14395
12.591 13.2958
-0.760818 4.08862
12.9348 13.481
18.0415 13.5319
0.0715612 2.03175
-3.72622 1.79111
12.7207 5.51185
-0.537742 0.0833733
11.8984 9.67504
1.41007 8.138
13.8352 12.5144
99.7838 9.60133
-4.5285 11.6702
-0.855724 1.31095
-2.00272 -0.167107
9.08813 6.29051
5.31149 0.12683
2.59136 12.3736
7.76548 12.6269
2.81654 1.93354
0.525872 1.43636
8.96523 9.84782
5.51033 7.10102
0.246238 5.09923
-1.14785 -0.567574
5.87228 3.44368
8.04021 7.80429
3.82192 2.54095
12.0491 2.31501
10.1429 -0.217399
-3.60662 -0.380268
6.97961 6.69117
4.7993 4.97698
18.6776 12.7531
13.0188 14.2661
4.70534 7.04273
5.71151 6.30388
-0.270815 6.21183
11.0221 3.26891
0.280958 0.708457
9.50914 8.9561
9.10669 9.79016
0.543914 0.37662
3.01612 6.50784
6.08256 3.39512
1.50307 1.86202
10.8828 10.9884
6.69851 6.5933
5.74889 8.75656
-3.47103 0.382559
9.2415 3.03496
10.0276 12.1633
4.32551 8.67642
7.29676 7.43017
8.37958 9.81471
2.3276 0.546133
1.3028 1.75732
-0.175576 -0.657263
8.16997 8.513
1.49854 4.43539
4.25256 8.70849
6.13325 9.15748
-10.038 5.43783
13.096 14.1367
-3.11064 0.87254
4.22795 0.17717
1.84645 2.90302
2.96542 2.15237
7.34729 12.6166
3.5664 1.13234
9.15454 11.0688
-4.04228 8.20844
3.29023 1.58938
0.376038 3.49464
3.79661 5.9436
7.7918 13.3941
14.6826 13.5373
2.04383 4.81101
6.50765 6.61816
8.16231 12.31
15.5581 12.1911
2.7211 1.86424
-6.44082 -0.4903
6.38578 13.7041
9.22391 10.8686
-2.82087 0.452562
-75.3382 5.2472
3.34966 1.12307
16.8517 14.2095
5.2038 7.28957
59.2461 7.18547
5.60011 4.56719
3.0474 2.9883
1.52818 7.06735
8.56152 8.67196
7.28676 5.64046
-95.0074 2.67215
-5.60933 3.55808
0.641442 0.46872
0.26889 4.72388
7.67429 5.43071
2.11373 1.37966
-3.528 9.57025
3.15675 4.66321
8.92498 3.15611
8.5481 7.9798
1.01508 1.75446
-3.95502 13.0016
14.4301 6.44529
-6.52975 10.6095
-2.3259 3.34635
15.4584 13.6575
7.21697 12.8001
6.98785 3.21604
1.46183 7.70657
2.06463 1.80602
10.6409 10.182
6.0444 6.32829
10.6859 13.9402
16.1624 14.0542
-9.46179 6.19086
12.1664 4.02506
0.351677 4.80186
3.58344 10.62
1.45826 1.23162
4.70113 4.80281
9.61104 9.28101
16.7162 11.7391
8.73589 7.85621
6.4572 6.84847
3.02052 2.02819
-15.5612 2.70913
13.5634 12.9798
-1.10364 1.87417
7.30929 12.0079
2.55243 0.174599
2.23582 1.91359
-2.28356 5.34629
9.37325 7.07379
6.25378 7.77631
5.80473 6.79551
8.72699 6.54301
1.51857 -0.398813
11.4025 13.1447
0.736308 0.99751
-322.729 9.12501
-53.9639 11.336
2.66947 2.07954
-15.9121 9.23422
-4.40285 3.7909
0.944235 1.55331
10.2619 8.57273
-0.371705 3.59759
8.17089 12.2772
-24.1905 13.4771
-32.3619 6.60053
0.931317 -0.448396
16.1346 10.5492
2.76943 2.93788
-0.0267221 4.18312
16.6019 11.423
0.88918 1.78844
-0.598751 -0.180231
3.73958 4.26454
-4.99575 6.60082
10.2178 3.74788
6.30648 2.18303
12.3491 10.507
20.0061 6.8686
14.0411 13.6309
11.7163 1.18132
6.53067 5.88023
11.4101 13.1758
7.14956 3.45293
1.61784 0.647649
3.28058 1.95908
2.00483 -0.303783
13.0195 11.9479
6.28778 5.05083
-133.375 6.60694
-12.5953 2.17508
-2.39518 -0.338584
-14.8876 -0.351665
9.454 12.8059
10.062 9.85596
9.20691 9.25196
18.3811 10.1123
0.098587 -0.362252
4.75061 8.50584
14.0857 6.36632
13.8378 13.6771
-9.17813 8.37935
-0.887332 1.0763
3.44747 -0.0629281
11.8871 12.0975
13.2492 11.3503
4.36053 3.1828
6.89643 4.44321
17.1882 10.5059
1.28245 0.963679
5.94129 10.2771
6.72236 8.09814
12.1236 13.437
-3.26915 9.46107
41.8891 8.67277
-1.59067 6.06775
4.42731 11.0457
2.00258 7.26263
-29.733 4.36827
6.67724 2.88894
8.73412 3.3723
3.33449 2.13674
-14.7193 11.1008
0.338108 2.27349
6.94225 7.81474
16.3737 11.0986
0.121919 -0.709081
6.07763 6.55693
10.3058 12.2728
17.4935 11.1964
1.82616 2.28524
-18.5509 0.760961
-2.70161 2.96184
8.25354 5.13727
4.43304 9.41948
13.4997 13.5714
18.295 11.5689
4.84048 3.28695
5.76445 2.73622
9.44361 8.3246
8.74459 5.33737
21.2323 0.505779
7.42811 3.70305
7.55899 9.88337
6.15502 12.2917
-1.94992 0.640432
24.5569 14.1398
1.43278 3.22622
7.24746 4.32287
8.9246 9.96097
15.1029 9.79571
7.81975 4.13825
6.09682 7.03498
5.60959 4.71135
-17.511 8.70477
6.03398 6.97075
7.62059 6.05997
8.94078 12.1894
8.95678 5.6998
2.28723 3.72119
11.0691 10.3686
8.12268 6.48705
11.7905 4.50977
8.01983 7.17714
6.82469 6.036
2.28924 -0.659028
1.16511 3.91957
5.07707 3.38334
8.9897 10.6492
7.36922 4.10437
6.38746 9.25393
3.25961 6.23836
13.0828 12.5332
8.89122 2.70705
4.59022 5.6496
6.78723 5.4696
-91.6997 -0.445022
4.63413 6.56937
6.94894 6.83836
13.4099 13.8756
8.39533 7.87531
0.875267 1.25362
14.113 12.2091
-12.3692 -0.469568
15.162 8.44563
-10.7872 1.90008
-6.24491 8.81477
32.1453 13.3608
-3.25802 0.472028
1.25239 5.97207
6.0547 7.60043
6.54783 4.33567
6.68083 7.71372
11.3209 11.0349
8.65479 9.37238
1.91974 2.76519
4.55497 2.07922
-0.245639 -0.524333
2.08676 4.79493
-0.271051 2.7944
16.2218 10.8134
10.2001 9.35815
-10.8639 9.5642
11.0686 12.1991
12.5387 11.1601
9.4826 5.08454
0.37053 -0.440149
5.09471 -0.0663587
13.9708 14.195
9.14092 4.19107
-1.92755 4.4233
20.6143 11.8147
-0.39706 4.27048
12.8762 13.0846
7.25118 13.8228
14.8665 9.29142
2.8526 2.11614
-3.26085 -0.145589
-2.75621 13.3875
4.99814 4.68446
15.2941 12.5717
5.00932 7.23251
12.1743 9.79679
1.50917 5.53557
2.54192 1.47499
15.2716 11.1289
11.1662 13.0324
4.48152 3.98783
14.4289 13.5793
3.78021 1.74291
4.04671 -0.75379
-76.2913 4.61793
2.88457 1.61171
3.22984 4.85563
9.00985 6.75366
27.352 12.4361
7.39133 6.80848
-4.72208 1.02742
-5.66969 7.42017
11.6467 10.5784
13.6412 13.5199
2.45873 3.9145
21.0601 5.17408
0.77726 1.90678
-48.8694 9.5778
8.88291 11.5414
3.63384 8.64184
10.8809 8.5137
-3.27037 7.00803
-1.02622 0.381794
2.51701 1.93518
13.9281 12.2748
-2.97116 2.52853
12.0522 11.1271
8.56483 7.45261
5.3781 4.12535
12.4169 12.9431
6.42508 11.1814
-2.3894 3.00212
-4.2331 12.1745
9.7625 8.38777
1.86786 3.56304
41.9875 -0.169329
1.66057 3.84636
-22.0796 0.536076
1.29607 1.75672
21.3178 8.32632
3.00734 3.47831
-0.81768 1.56308
0.365506 12.1773
10.426 11.2964
12.3085 10.6049
6.98356 7.93518
-23.714 -0.356164
4.65959 2.90789
5.4259 9.78168
2.39162 7.54185
5.86488 9.61183
11.7439 8.33396
7.22178 8.30487
1.57181 2.57539
2.39319 9.81035
5.59541 2.10669
6.39802 3.26812
9.80964 0.310334
7.62132 4.75537
7.87935 7.98863
25.0174 5.04623
13.1145 12.833
9.12646 10.8176
13.2215 11.5258
8.28477 7.35009
8.63392 9.21786
5.03134 7.91739
6.25104 3.48692
7.45164 -0.533983
30.6114 12.1277
8.41976 11.0018
31.7316 1.5135
13.3527 4.9032
8.72344 2.35363
6.85482 7.21328
5.42666 9.17746
4.14486 0.441433
4.06711 5.33344
11.4115 10.2259
7.43844 6.97161
4.98553 3.33482
7.51137 9.83973
0.121717 1.11834
8.05113 5.09391
11.8451 5.09741
5.74415 -0.205475
-0.368174 1.34706
18.5303 10.3717
-4.98227 -0.751125
-0.618616 1.84789
4.08255 9.28045
6.93234 7.90192
7.6378 6.79204
5.9981 8.05416
4.8993 6.69972
-19.856 3.25253
2.77626 4.28393
2.59614 6.04897
10.5084 12.4941
6.61166 0.171613
9.06969 4.0125
1.99835 7.81091
3.54607 4.60302
16.4048 12.5404
11.3507 9.09532
1.09662 -0.630765
11.8217 9.35996
3.05123 10.5831
28.2357 9.79799
49.5251 6.16279
7.60987 7.34784
1.44638 -0.166636
1.97809 1.81006
6.2313 3.47013
-7.58627 1.85954
6.84805 4.24916
12.2 12.4553
8.97988 10.8655
4.1058 4.48105
9.47835 7.49437
31.7321 3.04917
5.49835 5.26156
-5.02226 -0.509907
-0.71979 -0.124871
5.94076 7.82699
-0.543217 0.16414
12.6003 13.9622
4.00675 4.43924
14.3287 12.1922
3.70851 3.8224
7.24161 4.30257
7.50068 12.1836
2.46386 13.0556
14.1675 8.57939
4.65779 8.20232
2.58255 2.28316
15.7099 13.2976
11.9207 9.33655
7.47523 10.2682
18.5281 -0.157634
-0.497572 -0.452655
-0.103372 0.294887
-0.965042 2.2127
22.9976 1.36086
12.204 10.6813
4.17337 5.34948
-14.5554 5.13576
1.25438 -0.660087
-38.276 8.19952
9.61902 5.24346
-11.4911 9.68641
-12.0059 1.28625
4.65673 1.14914
5.01723 1.58845
11.4815 14.1302
0.995769 3.56211
0.447447 0.971687
5.56074 9.06926
-1.84038 3.78537
7.95402 8.74513
8.25547 4.12621
15.5961 8.44842
13.8275 4.27807
1.32236 4.17516
5.28299 8.93077
-1.69457 1.2346
4.04766 4.20712
-0.360736 -0.236521
4.7341 6.66562
11.7578 9.33102
12.0233 8.67956
11.0054 12.5229
11.9958 10.7945
13.4368 10.333
12.0158 5.13412
10.5171 0.921994
-0.872123 6.69317
8.7303 9.06496
0.856597 4.5659
-1.13547 -0.0663547
12.5019 3.65286
5.29175 2.50456
-2.38396 0.582484
16.0605 13.0175
-9.55135 2.49823
-0.87689 -0.731452
0.668395 3.06185
8.89864 10.5435
8.82291 4.51083
2.38893 11.5755
-9.24611 2.1912
11.5477 5.44352
18.4423 10.9431
0.970142 2.51961
-0.23672 6.18355
2.3216 1.56378
4.06034 8.30279
9.36485 6.53921
-44.4803 1.09381
5.85276 2.70256
-1.81015 2.22367
10.2291 11.8356
1.36468 7.56631
10.3728 10.1813
12.1766 12.7074
5.62253 5.03778
10.106 11.7558
2.58763 -0.165673
6.28523 4.83664
13.0372 13.4872
9.00099 10.5122
42.7071 9.69522
13.4866 12.1728
2.90157 2.5156
11.7273 12.2794
11.9804 8.47811
-0.181705 0.325402
22.0165 1.364
7.20573 10.7658
-32.7709 9.99009
10.438 7.48473
12.0762 11.9624
1.95708 4.75923
-10.7309 6.87619
7.29918 7.63542
5.94759 5.99783
2.75478 4.3096
1.65589 2.36217
21.1883 14.1978
11.4966 7.20391
1.60711 6.18745
11.6076 11.7547
12.3501 13.3708
4.78776 5.60247
-43.1284 2.39965
3.86331 8.78673
6.11655 7.09325
14.6828 14.1917
9.37596 8.07755
16.2589 13.3959
3.15478 8.37409
3.50701 6.38656
-1.68033 4.24107
2.76381 2.78555
7.16413 11.5541
14.5492 9.15025
1.29229 2.2993
2.18995 9.70788
15.4325 8.58884
11.4487 7.46833
14.29 12.8372
8.6831 11.9469
6.93899 8.97161
2.93478 -0.393794
0.428807 4.47214
0.922884 1.11123
-10.488 0.769972
9.84324 12.0164
10.7885 9.73554
15.2446 13.7854
10.0156 13.1204
-1.57162 8.6978
5.06868 4.09804
-1.12253 0.223133
-1.78423 1.88906
-1.57546 -0.450006
-0.994404 -0.605813
5.65322 6.17077
0.948747 1.62891
11.1428 10.1431
-11.4315 3.67972
2.11775 0.750959
0.524098 -0.181521
1.04036 5.14719
-10.7992 4.79283
17.5437 6.4512
11.5721 12.5426
1.77925 2.40502
10.1299 0.630164
14.7481 8.93417
-1.80184 8.41832
1.91611 11.6918
0.0856088 10.2406
12.4513 11.543
2.5662 1.7335
2.90465 6.73759
6.95237 6.64195
1.74132 2.1668
1.65392 2.3
10.7663 11.0088
23.2322 13.0583
4.72358 4.73231
12.7058 13.1299
-3.30207 5.90268
9.38128 10.1708
4.30927 5.23175
-12.6951 1.21018
13.4143 4.55306
9.70401 9.80082
6.34585 11.5204
8.12751 9.79472
10.9919 11.2209
8.48575 7.13557
13.3803 12.506
-10.2992 4.28123
7.37554 6.54472
1.8084 2.51269
-0.497057 -0.377335
4.95249 3.76738
2.81388 8.00997
-20.8229 1.07509
12.7669 10.2847
12.2083 10.8485
3.90782 4.41912
7.46692 -0.3346
3.7641 2.43265
-1.27591 11.459
5.65384 6.46529
9.4565 7.14641
9.14531 9.30632
0.0145665 5.99675
-16.8397 9.97797
6.89309 5.74904
-15.628 9.70237
-5.689 1.30419
-40.6599 14.1915
7.65071 0.210973
6.73348 6.98659
9.58835 7.32899
9.96511 9.68857
1.28964 7.43779
9.13827 7.86081
15.1044 8.7348
21.662 6.54013
20.26 13.2314
1.99958 4.97254
6.63675 6.64324
4.31736 7.49319
15.1871 10.8715
7.73442 13.3675
1.28492 0.653627
15.0465 11.2252
4.67801 0.687213
6.10679 3.14095
15.5881 11.5332
9.76314 7.26832
12.6382 4.2875
10.9482 4.49369
3.11949 9.57847
-4.86446 0.551847
9.21158 7.57878
-0.209495 0.08098
5.37937 7.53222
11.4568 9.06063
6.63678 1.36643
12.2063 12.9622
3.14511 3.30629
5.80595 4.80884
6.51074 10.2814
-1.38826 0.533804
7.66949 8.41751
14.3062 9.71987
8.42133 4.00687
8.82554 7.68088
7.1962 12.0989
-1.45619 0.73861
10.3567 13.5952
-3.79226 0.675161
13.0792 9.87261
1.73145 0.993445
10.7674 8.36189
10.0421 9.05779
-0.161427 0.305235
2.53619 0.259113
0.0116578 -0.378208
3.86262 2.99037
8.88014 6.04467
10.4858 13.197
24.8408 14.2003
-0.853191 11.5501
-0.690001 1.4879
6.57699 8.05191
-29.1671 4.74548
4.9783 4.96054
3.70913 2.9722
12.0534 12.1062
12.7342 10.219
10.8979 13.0682
7.78293 8.0854
17.9351 6.14674
-1.47175 8.89164
-17.8094 1.44736
-6.08311 -0.107691
8.97287 9.96584
0.935661 0.253865
9.69045 12.1089
7.90641 12.1038
10.6877 10.3664
-0.437348 1.71963
-3.73787 7.01039
8.73305 11.1606
-25.9758 3.06092
3.977 4.70955
0.811199 0.253341
4.40527 5.39522
23.2061 12.3062
10.1271 8.60455
14.3564 12.4021
3.14154 4.69304
6.94967 5.11163
-1.03306 -0.32745
2.49248 3.00544
9.76111 8.84189
13.9894 13.2603
4.14604 12.725
6.50979 7.70484
41.5088 8.87081
7.05455 5.96611
-0.630079 5.80965
13.5923 10.7083
15.9487 2.39057
11.5152 9.53835
10.759 11.2623
0.0700456 -0.376895
10.6803 12.6835
0.689393 5.22831
6.33811 4.16184
-0.618137 -0.0871315
3.63507 7.09897
11.5153 9.3751
3.90427 7.55516
4.05722 4.93415
14.9036 11.3617
-0.67854 0.982744
4.00981 5.65574
5.16678 2.73509
3.62745 3.32284
0.113038 2.04375
-3.46252 0.454461
-1.89586 0.0679792
21.3548 5.97076
2.97219 4.53731
5.54003 1.39942
-5.10226 0.272552
21.2119 -0.468655
9.16494 8.2487
4.88911 3.1171
2.84923 3.74196
4.81833 5.63112
14.9362 13.7315
4.73686 3.75472
4.59798 3.54951
1.13487 5.42863
2.25905 0.338266
-8.0935 9.0919
2.8897 1.76461
8.03476 7.60912
-2.45855 0.634401
0.145987 -0.339044
-35.716 0.672588
2.39672 -0.606617
5.47248 3.59959
7.18013 11.1206
-3.67888 -0.431833
2.90445 0.954087
-14.7 3.60207
52.2939 9.14458
5.5392 11.1717
10.1861 13.0983
29.3015 14.2446
-1.50585 -0.527848
-26.7102 3.89709
7.82596 7.05868
19.6074 14.0526
6.86161 6.60884
2.00047 1.737
0.0749704 1.18128
2.37433 0.124883
-4.8685 2.13472
13.585 10.6244
1.50579 8.65831
-0.650837 0.285119
18.0075 8.17834
7.60447 6.33938
3.05827 4.97537
9.30366 8.09808
1.14877 1.86386
2.47939 3.02716
-168.55 10.5481
-9.43754 7.30583
12.5629 12.7381
2.16022 7.79204
5.939 4.99577
1.30919 8.0994
4.90294 3.53023
1.53091 2.94309
3.61746 4.34827
10.9798 7.98326
6.39886 5.56533
14.5128 9.26752
1.54854 0.409065
0.487462 -0.753444
10.4244 7.32456
7.96119 7.42512
7.69752 9.44429
1.47879 2.91016
-0.121317 1.54941
1.28293 2.89107
5.87143 9.07956
16.2602 14.0753
4.751 3.00472
14.2839 12.3812
7.43751 10.6467
4.69892 6.74182
-0.0935485 1.29358
10.1096 6.91307
1.10223 5.6173
2.18523 -0.189371
-12.4376 12.453
23.6126 14.1885
6.54528 2.53694
-49.7861 1.63774
16.5286 12.7006
4.32257 6.49349
26.0381 2.1099
4.44181 4.83185
-3.18409 14.0562
6.72878 8.63418
2.41222 10.3136
2.67577 11.4393
29.2512 11.7896
7.17734 11.0247
31.1477 3.07085
1.2719 -0.0373812
5.05249 3.8676
5.4587 7.95673
11.1181 8.46541
-7.19874 -0.22141
7.10557 7.80291
4.23803 6.14881
13.9492 7.25132
29.505 13.1117
11.6552 8.43865
2.79142 0.414411
6.895 9.29041
3.08304 2.61402
-9.34784 0.539963
10.2706 13.239
9.39542 2.42884
13.9748 14.2489
9.72755 11.263
14.1768 13.7628
4.19603 5.0606
7.42113 2.1953
11.5652 11.9206
4.74285 -0.641318
3.66926 7.64821
8.72387 8.93777
-2.83398 3.35477
-0.251531 0.0121873
4.70484 6.9042
13.1346 12.6133
11.4994 10.6651
29.0746 13.8315
11.243 5.49063
12.4783 10.3872
-22.3417 6.4842
-1.08751 7.50736
8.69847 9.24455
7.36231 5.65254
16.8121 5.17242
16.6788 6.76723
-0.304652 2.52519
0.778879 3.8847
5.76704 7.23475
16.9523 2.38249
7.40932 4.66961
3.85073 3.62082
14.6177 13.3121
2.12761 2.72092
8.48995 8.90244
10.9637 13.5454
8.83637 9.7036
3.83633 3.58652
4.12176 3.63531
6.24365 6.54463
1.70379 1.05598
-1.71112 1.10981
2.97047 -0.660888
-1.59344 3.4298
9.61239 13.2711
8.31838 11.147
7.83028 9.8782
18.785 10.9835
2.46016 3.68789
5.58946 2.11569
5.11034 3.8661
14.2234 3.94545
-1.00771 6.22734
8.5835 6.02478
8.46312 9.64996
4.71823 7.91003
-1.17836 -0.161893
23.234 7.65047
2.79068 4.31073
-17.1599 9.03275
9.02843 7.51749
14.203 11.908
4.45999 7.52129
-2.7696 14.1481
8.18456 3.15736
11.1237 12.4846
-35.8772 2.67093
-4.79097 0.885932
12.2149 10.5905
-1.14053 1.29968
2.2028 5.14982
3.52668 3.33758
-3.7657 14.1127
12.0961 2.13317
-2.80688 2.36524
8.81816 3.22852
-0.55008 0.84132
-0.130725 1.03197
15.3086 9.71264
12.6987 6.87535
18.4423 9.07581
5.95702 9.50608
-8.02777 0.225298
-9.59736 13.2757
22.1653 2.88966
5.45414 5.67259
14.347 13.4317
-1.57113 1.27509
10.2896 4.61611
16.5756 12.9894
-2.66509 -0.167388
15.6294 11.4019
9.25818 11.4216
-4.25065 4.60735
29.6378 12.7623
10.3708 -0.591391
7.90876 3.27819
0.11471 1.67685
12.0366 11.4688
-16.3882 2.80131
11.5236 11.1511
0.0706802 -0.760723
6.49813 1.55075
103.711 -0.0256701
3.9251 2.46715
46.9161 9.75982
0.863765 1.01711
8.5163 5.34966
5.69992 8.75017
-2.90205 2.64602
16.4481 12.893
13.2291 12.6135
3.38474 0.74678
6.03534 7.77955
5.26232 4.80313
0.356146 2.82162
5.58924 5.16752
18.1011 8.04143
17.0269 6.97736
-9.40546 0.778469
-3.64489 -0.126532
7.90481 7.32028
-2.19346 0.012305
-1.36187 -0.703674
8.20394 1.24347
9.35243 6.50721
10.9635 10.944
10.5851 0.95131
3.07942 2.83139
4.87185 7.90319
4.9089 10.3132
1.58262 4.15368
3.48633 7.43452
25.4639 10.1429
24.7649 11.5966
-1.32403 1.40889
7.32497 8.24027
6.25473 5.3766
14.5136 5.74289
6.6817 6.7241
2.84045 4.77262
12.359 11.8758
5.16389 5.73142
-10.2574 7.62608
7.59125 9.59001
1.6532 4.47536
1.78313 5.68607
-9.03648 0.664164
1.35236 0.4553
6.20247 6.45723
-1.53275 8.59403
4.95553 0.109479
4.7148 9.4876
16.6622 13.2169
-1.15301 4.72481
4.20999 -0.345752
3.93742 0.236038
8.42159 5.85985
10.139 11.1861
14.9874 1.2108
8.86567 2.8686
9.99295 9.89896
5.51453 10.7242
7.87646 1.74007
24.0897 12.5078
12.3456 12.334
9.65494 13.3908
25.6082 8.53045
6.66591 3.79301
14.7756 14.1182
-2.23641 5.28514
32.5515 3.27611
11.912 10.2294
4.65559 7.11604
11.3618 9.69449
10.4511 6.34066
-3.25808 3.02845
14.4705 14.2448
5.31081 9.60909
6.20434 2.83359
-6.97789 -0.335796
4.85786 3.49373
-3.60999 -0.385469
6.90621 1.87544
11.9891 10.3098
-1.92988 1.10197
6.94621 12.0323
10.6507 11.5343
10.469 10.3545
2.66366 5.24709
7.56943 9.33894
4.99645 11.4823
-0.782327 0.714112
-0.724766 -0.192734
5.59551 6.19685
2.84025 7.9399
4.44505 2.69633
9.21213 10.9805
5.03395 5.45895
2.50445 3.19135
77.2198 9.47272
10.7791 10.7664
8.45306 9.43631
10.2411 9.60741
18.2257 1.74691
4.99018 5.2935
19.6697 12.815
11.655 8.86547
14.5137 8.35055
10.2953 9.61896
0.831434 2.16696
2.13411 6.04448
2.10532 1.91607
10.7264 9.63732
5.06098 7.95919
-23.2635 10.5856
-17.4508 12.1813
7.16255 9.58852
4.26843 5.9921
5.81711 11.1735
2.7276 5.4094
8.72304 6.9203
-1.89659 -0.137222
6.87254 8.1891
8.9152 8.4569
-0.797889 -0.250456
3.96683 1.26554
19.427 5.18869
5.75901 9.34487
9.9053 11.6138
6.51603 2.99813
2.9904 3.66804
3.88007 0.880247
2.55234 2.72497
5.25834 4.83764
11.6998 5.4632
3.9598 10.5928
9.34245 13.5588
-0.142343 0.900097
29.2908 4.37527
2.29481 1.74671
24.9214 0.937929
-3.20208 9.29594
4.00271 8.81808
13.432 13.0796
2.73527 3.74135
11.5423 10.4806
-1.69157 11.3063
5.97084 6.63169
5.48892 0.249051
2.0146 11.3075
-26.5816 0.670384
5.38537 0.389759
0.344547 0.453467
5.64394 5.82223
7.34159 7.44592
5.14669 7.42525
-22.4647 -0.0390207
3.48407 0.113356
6.08876 6.90892
13.859 14.152
-2.25733 -0.368625
6.01609 6.71492
3.9137 3.5532
0.501665 2.07071
2.70236 1.0251
18.1925 8.66905
1.88177 0.0230374
15.6127 9.02022
12.8123 11.5681
2.15941 4.08497
8.0581 8.67918
1.32892 3.40086
3.67064 3.44009
4.10987 4.32433
1.96483 2.61479
0.183552 -0.317789
-3.53346 -0.478358
-3.00574 6.30465
4.1432 4.36983
-4.60566 -0.545167
-73.9489 8.97253
17.359 7.95615
-1.91048 4.41757
2.42825 4.73347
-4.21613 9.00442
9.68713 7.67957
2.65403 2.25795
5.92481 11.3257
11.697 14.2502
10.6347 9.95684
6.02019 7.76057
3.22237 2.1634
11.3664 7.73707
-2.49121 -0.669515
10.9828 12.1187
33.8064 11.6907
4.82404 5.85689
8.29167 6.91621
9.71242 13.5476
10.2092 10.3658
4.72529 10.3308
13.283 11.5126
1.87773 4.60874
3.6607 2.52421
6.56182 5.95109
-2.32102 2.69214
15.4219 13.2208
3.77456 5.54502
16.3223 8.91082
5.19382 10.5795
4.16018 4.61134
17.3122 13.1567
5.56234 2.85642
11.3273 8.64621
2.69104 4.53087
-20.1591 1.04688
6.32661 0.437552
16.0018 11.2457
6.54439 11.2409
4.37697 4.06294
2.68401 5.1222
4.06817 7.58874
14.5149 6.55246
-0.447062 0.24797
5.28143 5.49438
8.0824 7.35258
11.4866 11.1505
13.1771 5.84543
14.9168 13.225
6.79315 5.31599
-0.0261215 7.00869
9.18545 7.83244
4.49901 8.3442
1.72402 2.52534
2.27104 5.11917
6.01867 2.14289
3.04297 6.46577
9.13537 10.3831
12.9156 13.1561
8.66235 0.267424
-36.3315 8.77603
0.0478368 6.57391
11.0997 11.043
13.1612 9.16436
-0.497062 1.00142
10.8825 11.339
5.58064 4.12364
0.316657 3.04529
6.11533 11.8303
-1.56743 -0.179565
0.811931 4.70251
3.87891 5.40863
8.72147 3.11172
0.750726 7.27147
2.16008 8.01976
7.5298 9.09979
2.40283 3.02337
3.89213 2.50085
-25.0565 13.5695
16.5068 13.1148
12.0906 14.1236
11.8672 14.1421
-20.6517 0.63344
-4.03643 3.26252
5.32295 3.2476
0.0196436 2.78004
12.2792 9.52227
9.14115 9.55774
15.8448 1.1618
2.51866 2.07406
8.1728 7.68313
10.6288 10.6335
4.23521 3.07518
-6.50456 0.300692
-2.04322 0.0831363
12.7765 11.5911
7.49143 5.89377
0.703919 4.06771
9.9652 1.14739
3.16627 4.15536
-25.7302 0.877786
13.455 9.762
10.9118 10.6614
18.7118 9.82017
17.7373 10.3176
9.79486 8.58936
-20.6219 8.93174
26.4601 7.38915
9.02777 7.98567
6.02082 0.676215
13.2283 8.26352
4.354 10.1405
9.59199 12.6724
18.1138 6.10014
7.58387 5.22786
4.30971 8.29042
6.88733 5.94254
3.97608 4.81677
8.89483 8.55074
6.39351 7.44327
2.63118 0.0167914
3.8135 1.16
30.9579 4.93375
10.8116 6.74144
-10.8061 -0.263626
-1.08522 -0.688065
-14.7383 12.8718
5.46722 4.752
7.60508 3.75514
6.51034 3.87373
15.636 6.36808
23.4689 13.2088
-0.601709 1.00863
11.3416 10.8565
3.34621 6.50365
26.9473 1.51375
12.9157 11.3057
14.2845 2.66001
4.14258 -0.0179967
11.9004 13.468
2.33346 5.12846
4.17088 2.69199
20.8086 13.7265
2.87082 3.64153
1.77101 0.206152
11.0253 8.9746
-2.79875 2.34112
11.7353 2.24735
24.1249 11.6531
10.3835 13.7672
2.72732 5.02202
11.8045 9.9275
-132.61 5.47532
-7.09549 5.71133
8.3599 9.14937
10.6998 11.0176
3.98194 2.66636
3.39638 1.71065
4.76489 10.0081
11.0505 2.03402
0.641139 1.86533
1.48008 -0.295248
23.008 7.7813
-0.396374 12.7183
13.1269 11.5001
-25.2404 0.640285
7.43724 12.1883
-5.11154 -0.11422
7.6406 10.1386
8.93892 6.72783
1.37853 1.13793
-1.15094 -0.350821
-8.93456 0.400514
24.3776 4.54526
3.79204 4.26538
-14.6985 10.4448
13.2314 9.07605
-1.63085 -0.242561
9.98341 12.5677
4.3544 4.54347
4.16298 1.23594
5.52402 4.70231
24.6205 9.95455
3.5815 7.5293
-6.77499 4.30322
-38.2314 14.1456
7.1848 5.06848
4.48602 6.05575
1.37988 -0.413021
14.1592 13.1272
9.93326 10.4195
15.7046 13.1578
6.15666 9.12552
7.85025 10.0225
4.81249 7.44761
6.5575 10.3436
-1.39304 0.370227
12.3652 8.5751
0.403649 8.08663
13.6276 13.1937
10.0475 14.1425
6.65775 3.23023
-5.1831 3.2829
12.7612 7.60359
11.7305 9.8879
13.9571 11.3594
17.4144 0.650297
12.8207 11.4017
11.0822 10.7545
3.65735 5.66601
3.17442 0.665427
4.7455 10.3298
-1.81284 -0.436722
12.3187 8.6473
15.6028 11.222
12.5071 13.2329
24.8692 12.6958
-1.53889 7.04709
-5.14718 -0.495427
17.6596 5.28614
6.58916 3.61726
-1.57824 0.08606
-0.0661595 0.576088
-25.532 6.27769
4.72674 5.44838
5.47125 2.39409
1.91887 4.35303
8.63153 11.1476
7.43764 7.68763
13.0671 11.5364
18.8555 6.06948
-13.3559 6.59455
-11.7374 5.21653
-4.14829 2.18261
3.28264 1.68743
0.21081 9.62614
1.9187 9.98099
12.3548 9.93109
0.368523 4.15889
10.1054 11.2833
2.09532 3.15325
-6.70868 10.7252
10.2252 11.8184
2.29378 -0.539025
7.49021 9.03741
7.34775 7.3384
-6.31627 2.08514
8.74467 5.9186
11.8226 11.2064
1.96323 3.66451
9.22651 12.8832
-3.28378 -0.476107
9.19824 12.175
13.342 12.2026
5.82463 5.32919
4.66582 1.73725
33.1225 6.42414
1.19548 1.53924
9.63851 8.42596
28.2936 5.36527
7.7077 8.45991
21.3099 6.16567
6.59951 2.18334
3.44273 4.21622
6.0353 4.65873
5.55647 9.66456
-11.2701 -0.690273
0.396356 12.8865
0.0343187 6.18314
12.7585 12.1689
61.894 3.30553
1.01885 3.03959
6.64608 -0.761494
17.3168 10.3012
5.2838 9.44897
0.0577338 2.05688
5.89896 10.0318
11.8617 13.0405
4.09528 6.85454
8.61122 14.0047
4.80382 7.49079
2.83914 -0.402216
8.76165 8.59184
8.78332 6.76211
5.59626 0.76107
2.79454 1.92401
6.18234 10.3225
17.6501 13.9677
-4.73825 3.38349
6.2145 7.49813
2.6166 7.96654
-52.8672 1.8887
2.02984 4.20304
-60.018 0.283656
2.16155 2.34947
4.19027 2.96036
0.216087 8.96396
12.198 10.9895
-34.988 0.741956
10.9763 9.42193
13.6472 9.88798
8.02715 10.3162
8.67718 1.31493
-2.41204 -0.389094
3.59535 1.2735
13.1822 11.7335
7.43965 10.1631
-3.70153 -0.640364
10.2715 1.3025
0.0806578 4.12584
-0.0971116 0.884716
19.0118 12.2105
3.41532 2.68035
9.73124 9.04497
13.3507 10.9817
1.83151 1.52518
20.9095 6.0605
7.85479 11.6529
-6.11045 1.33377
13.0644 11.9424
2.64444 3.88174
-1.07447 2.68576
-8.02355 0.234208
7.63694 6.19878
3.4408 7.32782
13.2916 11.6285
4.53376 3.37354
10.1088 12.6635
4.72824 2.51556
11.2306 14.241
17.0609 13.5731
7.45607 7.54656
12.6659 11.6924
4.19479 2.25909
9.15728 13.0794
-2.10231 0.499451
8.9566 11.7284
6.34411 13.4967
6.41515 6.896
13.3512 13.5802
11.4689 10.1266
10.3106 4.10157
4.87973 -0.752468
-17.9991 -0.531686
5.86972 7.21919
-0.931759 2.36053
-3.51289 -0.531008
0.861188 2.69843
5.61012 2.15272
-2.85094 7.80741
8.45793 7.59233
-0.163036 -0.709238
14.1128 9.63096
-0.160689 3.35355
-3.42517 10.2986
18.3748 8.42154
-0.486367 1.01744
13.6441 13.7038
2.26236 7.08691
1.42664 0.935856
4.6451 9.07624
12.9247 3.90151
10.7994 8.94075
6.49234 6.65455
17.7463 14.0968
8.9517 5.1456
-0.292057 -0.0484653
-1.11228 5.99553
7.11957 13.5812
14.6662 8.80872
2.14963 2.25438
4.86023 1.7887
7.44547 1.40641
-1.44129 0.961214
9.67306 11.3642
12.8245 10.482
-0.797475 -0.624709
31.7972 12.2926
5.04484 9.64743
12.1847 9.03293
-7.28903 4.70345
-1.71303 0.118536
5.63164 8.54714
-3.49273 -0.498957
2.39742 6.62256
5.21487 5.10111
-47.355 4.6803
-0.530002 6.60633
9.58947 11.4494
6.48574 1.47989
-37.3727 0.775261
-3.52518 2.14056
0.481092 0.382013
17.376 13.6627
15.2909 13.5978
6.88034 8.26802
1.84558 1.28492
1.49954 2.01541
4.57956 3.34233
16.0456 11.3896
16.7517 11.5592
8.1091 7.81105
16.2409 8.3949
8.75592 1.61534
15.7778 11.5769
1.70628 1.2119
8.12722 8.48513
9.06766 9.34896
12.697 8.56395
-0.200848 10.6605
11.8522 10.278
10.3474 12.5151
9.28941 2.37085
0.561146 4.17963
15.8152 12.1172
9.20187 9.10684
-5.99521 4.5572
22.5271 8.28958
7.25387 7.74008
8.40868 8.2586
9.8868 5.79564
6.36248 6.20552
16.3261 13.6035
1.8992 2.73819
2.5417 3.81939
-0.118725 0.695762
22.4968 2.98398
8.21485 7.31789
6.10495 6.49702
24.5487 8.61611
-12.5152 9.32888
10.7154 11.6812
2.26553 0.246755
15.3155 11.6947
2.87956 7.28048
10.0888 9.53232
8.22735 8.41086
-1.66155 1.28727
19.1453 13.1059
8.36165 13.9542
14.9234 13.82
10.5484 13.2233
11.3238 11.3359
8.6575 6.74059
11.769 12.8072
2.20699 6.76441
1.67949 2.47336
5.62786 3.38247
12.0394 10.1437
11.6325 8.30156
4.39635 -0.0568593
2.39074 6.05207
9.6654 2.80206
-3.33554 -0.732876
3.16327 10.4395
15.8268 8.9143
9.59718 9.80014
-3.62857 -0.377603
7.18717 10.6467
0.0897302 10.5505
9.07599 5.23597
-0.113789 0.0944833
14.2207 13.6
11.6323 10.6305
-2.80244 0.27266
14.5633 11.9146
9.9966 9.89343
-3.69292 7.44772
-3.77198 11.0933
11.0526 6.45386
8.31376 8.91141
2.84193 3.30338
6.06187 9.49919
4.70221 4.43252
22.5267 5.30996
5.84814 5.00729
1.67734 7.95878
2.77646 11.2459
2.5979 2.13124
8.0652 10.1657
4.82201 7.24165
6.89581 8.39573
4.96582 4.61316
4.37589 8.67157
6.6497 1.18682
8.61428 14.0562
5.43299 5.24354
-9.24857 1.68937
2.0202 5.40722
-3.04616 0.0191083
2.85912 2.0933
6.07347 6.42767
10.0795 6.83829
4.38121 5.57058
8.20767 12.6275
5.99701 4.37485
9.59677 10.6122
-21.8434 7.43645
26.1332 2.00144
5.69319 4.29204
-10.1205 2.64191
9.61367 8.65884
6.38817 1.72081
12.7146 10.5712
3.17708 3.78707
18.8264 8.13851
-2.76743 0.947552
2.51448 1.96573
17.8614 11.0823
0.593728 1.7774
-0.327371 3.20206
2.33335 2.37767
2.75299 1.3484
13.9926 14.1342
13.8451 10.2466
1.03904 0.989092
10.8874 7.46911
9.70124 10.367
9.65119 8.22776
-1.76387 11.1338
-4.45263 2.87384
9.40965 12.3637
1.09539 3.52257
11.1862 3.64066
5.80304 9.78723
1.0525 1.81581
7.16203 5.11106
0.550316 1.54283
2.70284 3.64353
5.28196 6.27397
-4.49943 5.83648
3.00604 0.0512185
14.4403 10.5875
12.243 13.9318
13.6876 4.19775
9.77742 9.86719
-6.32002 4.88492
-4.53384 2.27223
-2.78158 3.43308
0.518012 -0.528624
-14.8168 5.32945
27.7169 12.0721
-2.00419 3.41668
-1.32692 6.22352
5.23839 3.06602
7.67926 7.18077
11.9194 11.5247
11.0754 13.879
17.1836 5.25877
17.3172 12.3067
4.43464 3.91436
-15.1365 12.2667
4.41332 4.76301
1.12521 1.95246
7.1635 8.2859
-16.2752 1.17693
-4.6094 5.88398
6.10687 7.68664
4.56432 0.519108
14.1318 12.6115
11.2684 10.5576
13.374 11.5169
-2.74005 0.227169
11.2614 13.0307
32.107 9.79642
-0.945281 2.46511
-1.74128 3.94565
12.6667 11.496
7.97503 7.3132
21.6274 3.96713
-0.722678 2.4921
11.8684 3.02428
0.23114 1.56927
1.84653 2.93592
36.4064 9.58321
5.82687 7.39103
2.13599 0.499859
12.2735 8.38719
-0.0546378 0.83515
-2.53013 3.81799
4.47377 2.10189
10.2719 6.01307
15.1529 13.2886
13.4416 9.35058
-0.505 7.99482
5.67929 8.34856
16.3577 5.81917
5.37221 4.89242
-1.93056 0.638205
5.16695 7.72606
5.23442 0.655536
-1.63915 6.66058
2.8471 11.4353
25.099 1.25362
-1.20889 2.13786
1.03081 7.76956
13.9908 12.0119
20.6812 5.40955
9.59812 7.20395
10.1724 10.061
22.2416 7.48469
1.88972 -0.598847
-6.74453 1.86712
9.99932 5.52698
6.76798 7.35725
4.80548 3.06711
8.28996 7.79079
-2.23441 11.1886
4.71567 4.80704
9.76882 9.43859
23.1681 7.7082
13.7807 14.2626
3.55245 1.38304
10.3279 13.4737
8.97648 4.52574
16.1775 11.7437
-8.21787 -0.411629
5.067 4.33471
10.1204 5.64574
6.36707 6.84037
1.75287 3.48692
10.4575 11.9624
7.78554 8.00695
-0.634082 6.16311
5.20858 4.80461
-0.534587 -0.250544
31.5855 5.25892
-53.3898 -0.752065
-7.24414 7.35033
10.2058 6.14084
6.00515 1.0404
-12.0873 1.63745
10.3226 11.8624
-12.6489 -0.753539
12.1582 8.2534
6.75131 6.24193
6.17596 10.7337
5.22356 6.55386
3.07544 9.59581
6.22428 0.113444
7.32609 9.72934
10.0201 9.70098
9.22641 13.7817
1.87171 2.87585
5.40671 5.30344
19.505 5.56549
2.55871 0.171361
3.1443 4.55529
6.6619 6.27196
7.6338 9.51434
9.27181 10.8504
2.27584 5.91861
-0.39229 1.33611
16.0765 12.2214
13.706 10.9535
1.3487 2.4988
12.2236 10.5731
2.70667 7.13499
8.86542 11.7756
-0.337631 12.8094
-22.359 2.14944
4.27794 1.85085
10.2918 8.50488
12.0698 10.9037
8.32318 1.73132
-27.7669 3.20654
4.07342 8.80329
7.21678 5.60886
5.92194 5.48683
13.694 11.9446
30.8193 4.35313
-10.0452 -0.635118
8.4197 4.35074
5.65113 7.25964
-0.489662 1.62293
6.94104 5.28421
7.13332 1.13936
12.8125 14.2529
6.72503 10.2288
12.0268 9.23169
-88.7354 -0.136094
7.31869 9.92647
-5.88841 3.78553
-2.95448 1.19487
-190.808 10.4889
-1.63833 5.16285
5.37988 4.36223
9.62169 12.695
7.77253 6.3476
6.64284 6.41544
-28.6082 3.99691
9.96781 1.11851
8.14531 2.45054
-1.46727 0.616036
62.1214 12.768
9.72706 13.0926
11.5865 13.7963
30.7858 4.70498
8.28431 8.08998
3.36397 7.92695
0.241835 2.50999
16.3957 3.84623
-0.836695 -0.160338
13.2821 13.8428
9.63826 14.0372
-42.6671 11.4891
16.6246 13.5014
22.9314 8.40418
-7.01186 10.0498
2.40797 5.75724
0.878505 1.12545
11.3383 9.43576
4.54172 3.40213
15.1845 11.3698
0.320472 1.81165
19.1043 12.6727
7.67878 7.48787
11.1833 9.6423
3.95115 4.18243
0.727263 4.46332
3.33857 6.14916
7.42418 2.95251
0.213317 2.11764
8.14184 10.4108
0.150344 3.39339
13.1286 14.2526
18.4593 13.9666
-0.748577 -0.674063
13.4845 10.4709
-60.3448 5.39709
7.087 13.9779
10.9797 13.259
8.58678 6.10945
18.5942 6.3613
10.3556 10.0153
6.38835 8.94399
9.06965 8.59122
4.70102 8.44879
2.73317 4.89089
9.36089 1.58282
17.6143 13.5593
10.6846 10.9224
-8.61122 3.81128
8.57472 2.59048
6.40464 6.60559
15.7545 11.2447
2.86044 0.94878
1.06769 -0.440613
11.4367 5.95462
-0.807024 -0.0364392
-13.9907 2.22236
7.11676 6.68488
7.49475 11.3377
13.6878 8.85742
1.3243 -0.663868
12.6 4.95451
9.64173 9.01314
1.06545 1.39265
2.82447 -0.67582
10.9275 6.5633
5.21894 9.92071
1.03274 0.0637291
3.69471 2.28606
4.2067 3.54343
10.2076 11.3282
12.7364 14.0277
0.508853 2.15635
6.31889 3.37382
7.32912 8.38598
15.183 9.82306
5.49803 6.92545
10.9633 9.19569
5.00386 -0.36392
2.7463 3.61115
-2.422 0.0932979
0.113813 -0.248869
13.1022 10.8432
3.37283 5.88028
-2.90887 5.21968
9.22404 11.0075
9.45727 4.93686
-1.23496 -0.346364
4.6028 5.51545
25.3572 1.93256
8.50276 9.83892
0.451433 -0.222562
4.31075 5.74782
0.839352 1.87534
1.6447 0.223936
0.957075 7.1981
-0.167792 -0.654637
16.8342 13.7743
6.25663 6.05446
24.9041 13.8118
-5.59507 3.45992
1.7109 1.03773
-12.3443 6.02496
12.2064 8.44518
4.56326 6.74758
-0.235232 0.440394
3.33877 11.812
4.38154 6.81484
3.34148 5.93304
3.9461 3.41853
-2.89027 2.56937
2.24224 2.84962
10.3029 7.81202
2.24358 6.27338
-10.2233 0.657528
-1.4128 4.94912
1.31409 7.69355
9.14859 4.0225
-1.33582 11.3973
7.69629 10.8431
14.0679 6.89046
3.431 2.72967
10.4209 8.18963
12.6994 12.4721
6.14863 7.75838
9.58598 5.47822
8.49258 4.89312
12.0241 6.18879
8.38996 9.42071
10.1458 6.42745
3.06163 10.3586
11.8737 7.00992
-3.60753 -0.0379728
0.0588281 0.295311
8.77706 4.96707
2.80941 2.50645
6.40782 7.91998
5.06087 4.99598
9.78467 5.32996
10.8825 3.49048
2.19043 2.50819
9.2056 9.44023
12.5754 13.6139
0.750937 1.49699
4.35008 6.44201
12.1475 9.85911
14.9223 13.8332
1.48166 7.21188
0.484943 1.98313
